comment (first line will be ignored): BATSE_565_SGRBs_P64ph_Sbol_Epk_T90_6904
trg	logP64ph	logFallerg	logepk_bisector	Log(T90)
6219	0.2543	-6.834	2.839	0.43965
108	-0.09044	-5.82	3.203	0.49638
5458	0.1641	-7.653	1.728	-1.61979
2760	0.01536	-5.466	2.505	0.6695
3611	-0.06601	-6.08	2.255	0.54654
2434	-0.1688	-6.85	1.9	-0.49485
2849	-0.02319	-6.57	1.971	0.10072
909	-0.3134	-6.642	2.15	-0.07988
2529	0.02857	-6.786	2.033	-0.59176
2056	0.0026	-5.939	2.61	0.25334
6634	0.00518	-6.636	2.136	-0.23433
1636	0.1801	-6.275	2.013	0.31133
6216	0.5333	-5.961	1.964	0.38596
2799	0.9414	-5.392	2.254	0.50705
6136	0.5353	-6.359	1.972	0.2833
929	0.06183	-5.756	3.043	-0.09637
7805	-0.03773	-6.325	2.265	0.42943
3530	0.1875	-6.085	2.36	0.20412
5485	-0.2027	-6.293	2.473	0.58433
6091	0.3361	-6.458	1.79	0.16791
3939	0.3006	-6.023	2.127	0.23477
2680	-0.01457	-5.589	2.659	0.73046
2861	0.3758	-5.752	2.55	0.20385
2851	-0.1605	-6.518	2.175	0.37438
6635	1.081	-5.677	2.045	0.06145
974	-0.2588	-5.955	2.751	0.50515
2632	0.3847	-6.093	2.208	0.15927
2844	-0.08884	-6.877	2.088	0.43965
6753	-0.1956	-5.461	3.011	0.65744
1223	0.06707	-6.747	2.027	-0.01144
2757	0.177	-5.535	3.214	-1.19382
5456	0.5368	-5.907	2.264	0.59151
3494	0.345	-6.151	2.525	0.1486
2454	0.06371	-5.954	2.49	0.13322
3936	0.8028	-5.501	2.235	0.45939
2401	-0.1524	-6.031	2.547	0.50515
7430	0.3465	-6.116	2.319	0.59151
2810	-4.35E-04	-5.903	2.486	0.38202
6586	0.1048	-7.074	1.791	-0.16431
2099	0.00518	-6.079	2.388	0.40824
2585	-0.1656	-7.06	1.793	-0.07988
2365	0.1514	-6.314	2.419	0.18639
2268	0.4028	-6.205	2.129	0.29092
6263	0.9029	-6.244	1.901	0.29754
5556	0.1998	-6.587	1.945	0.17926
3087	1.272	-5.131	2.492	0.06145
1443	0.6733	-5.746	2.239	0.39724
6251	0.8805	-5.352	2.521	0.47828
7784	1.012	-6.204	2.073	0.28285
7281	1.226	-5.511	2.211	0.22115
7939	1.032	-5.695	2.101	0.01662
3144	-0.3655	-5.637	2.781	0.82321
2424	-0.2083	-5.807	2.836	0.3927
2382	-0.2306	-5.773	2.671	0.2833
1679	-0.2774	-5.786	2.541	0.65744
3146	-0.00437	-5.608	2.658	0.29292
3039	0.9566	-5.049	2.332	0.5605
1481	0.02776	-6.735	1.791	0.1486
3155	0.2831	-5.252	2.602	0.69267
3164	-0.06148	-5.176	2.966	0.87437
2894	0.9644	-4.907	2.399	0.57703
6331	0.01578	-6.624	1.976	0.38596
6314	0.00689	-5.374	3.022	0.82321
1683	0.8872	-5.028	2.429	0.59151
2368	-0.1918	-5.928	2.6	0.61648
2623	0.4853	-5.876	2.341	0.53046
2037	0.9219	-4.891	2.779	0.79741
3866	0.7852	-5.36	2.515	0.62572
7745	-0.03311	-6.262	2.337	0.51375
2327	-0.2882	-6.38	2.473	0.39724
3280	-0.2907	-6.826	2.118	0.53046
7367	0.1726	-6.614	1.948	-0.05061
856	0.2098	-7.13	2.045	-0.04769
6867	-0.03607	-7.077	1.819	-0.11464
3043	0.04021	-7.431	1.916	-0.98297
2513	-0.02411	-5.864	2.786	0.1486
1346	0.3023	-6.063	2.421	0.65744
6569	0.2098	-6.919	1.951	-0.02872
3910	0.3881	-7.218	1.935	-1.05552
6488	-0.1465	-6.114	2.693	0.35025
834	-0.3893	-7.115	2.104	0.03663
3774	0.2214	-7.275	1.93	-0.65956
6718	0.1303	-7.209	1.907	-0.46344
6662	-0.09469	-6.235	2.44	0.37438
788	0.3675	-6.845	2.112	-0.51856
942	-0.1959	-6.076	2.765	0.69827
5664	-0.1362	-6.718	2.229	0.39724
2564	0.2862	-6.063	2.716	-0.59176
799	0.3786	-7.199	1.963	-0.76195
185	0.1995	-7.293	2.07	-0.87943
5992	0.3916	-7.417	1.919	-1.29243
6497	-0.2671	-6.362	2.588	0.52218
5536	0.3147	-7.48	2.056	-1.31876
7970	0.2343	-6.844	2.108	-0.41229
5459	0.1492	-7.273	2.041	-0.47366
6135	-0.09783	-5.75	2.957	0.60552
3338	0.419	-7.19	2.055	-0.96658
2860	0.4745	-5.886	2.581	0.16524
3640	0.4259	-6.903	2.255	-0.64207
7800	0.2212	-6.893	2.43	-0.90658
2776	-0.1524	-6.675	2.456	0.2907
7754	0.4984	-6.983	2.061	-0.75945
6105	0.3845	-6.762	2.462	-0.68403
3160	0.02325	-6.185	2.512	0.48742
867	0.3724	-5.377	2.795	0.41731
6641	0.4354	-6.226	2.3	0.41896
2633	0.0799	-6.565	2.434	0.1486
6204	0.4116	-7.126	2.103	0.49638
1953	0.356	-6.123	2.553	0.44963
1662	0.247	-6.854	2.452	-0.37779
6445	0.1824	-6.185	2.873	0.18639
3152	1.404	-4.911	2.862	0.25358
6757	0.09061	-5.948	2.586	0.38596
2987	0.162	-6.384	2.725	-0.19382
5620	0.4019	-7.127	2.239	-1.39794
2043	0.01452	-6.997	2.269	-0.29073
6659	0.5224	-6.153	2.53	-0.69897
1096	0.1926	-7.283	2.009	-0.49485
2823	0.01368	-7.529	2.048	-0.75449
3799	0.2521	-7.361	2.17	-1.01773
2044	-0.1255	-5.452	3.13	0.80618
6579	0.488	-5.655	2.673	0.46894
6562	0.1562	-7.034	2.022	0.16791
936	0.7675	-5.833	2.645	0.15776
5633	0.3634	-7.019	2.065	-0.59688
7361	0.1655	-6.987	2.227	0.26858
5501	0.2271	-7.008	2.077	-0.41567
2728	0.4583	-5.047	3.055	0.30728
7449	0.6235	-6.646	2.126	-0.00568
2384	0.05077	-6.931	2.468	-0.7167
3782	0.1169	-7.428	2.052	-0.79588
7753	0.3716	-6.019	2.444	0.40002
3308	0.02243	-6.522	2.61	-0.29073
2142	0.1186	-6.291	2.371	0.3145
2115	0.4616	-6.693	2.306	-0.29414
2041	0.5144	-5.231	3.026	0.7356
6580	0.5163	-5.894	2.472	0.44963
6299	0.5589	-6.67	2.255	-0.69465
2352	-0.07935	-6.845	2.289	-0.01773
1289	0.3729	-6.489	2.343	-0.16685
6343	0.2074	-7.367	2.259	-0.21325
6376	0.3614	-6.678	2.515	0.12057
1051	0.1647	-7.12	2.276	-0.49485
6682	0.2225	-6.934	2.532	-0.95861
603	0.8751	-6.049	2.387	0.16791
2966	0.07628	-6.731	2.504	-0.50585
7775	0.639	-6.037	2.443	0.5168
3722	0.3943	-6.388	2.447	-0.41567
845	-0.05502	-5.87	2.858	0.37438
6469	0.4023	-7.041	2.084	0.25334
5638	-0.01247	-6.546	2.586	-0.08407
2485	0.1116	-7.277	2.059	-0.75449
1518	0.5585	-5.879	2.603	0.03663
6800	0.8844	-6.27	2.525	-0.68613
2649	0.3906	-6.751	2.389	-0.59176
2821	0.2794	-7.023	2.14	-0.40671
3940	0.505	-6.437	2.274	-0.23958
1736	0.4067	-7.091	2.114	-0.89279
5467	0.1844	-5.625	2.829	0.47276
8085	0.5292	-5.327	2.843	0.55437
7495	-0.00336	-6.857	2.409	-0.07624
5546	0.03222	-5.614	3.081	0.57703
6571	0.1193	-7.412	2.111	-0.48678
2132	0.3568	-7.257	2.172	-1.04576
7447	0.8437	-6.543	2.386	-0.40671
6180	0.1255	-6.811	2.303	-0.04769
2504	0.5437	-6.374	2.679	-0.89279
1128	-0.05849	-7.575	2.133	-0.53018
2360	0.1569	-6.697	2.345	-0.24565
809	0.6157	-6.276	2.409	0.10721
2748	0.1717	-7.133	2.161	-0.41567
5770	0.1529	-6.279	2.813	-0.13847
7602	0.5139	-6.57	2.688	0.63022
2892	0.3714	-6.989	2.123	-0.54061
537	0.2617	-5.686	2.762	0.63225
6439	0.1746	-7.019	2.305	-0.59176
3293	0.3585	-6.682	2.384	-0.59176
7922	0.4547	-6.855	2.233	-0.37469
3340	0.4544	-6.264	2.513	0.00689
3333	0.248	-7.413	2.358	-1.284
2068	1.194	-6.128	2.302	-0.22841
6542	0.4586	-6.232	2.786	0.0103
7595	0.2737	-6.93	2.249	-0.10403
2978	0.9426	-6.306	2.377	-0.4437
1129	-0.08991	-6.841	2.365	-0.01773
1073	0.4323	-6.539	2.379	-0.29073
5733	0.3075	-7.001	2.362	-0.1707
6786	0.1844	-6.98	2.17	0.01745
6443	0.2162	-5.97	2.894	0.81902
486	0.1915	-7.051	2.18	-0.49485
7187	0.766	-6.565	2.424	0.31597
2512	0.5464	-6.497	2.415	-0.44491
3888	0.6675	-5.779	2.799	0.23955
3895	-0.1221	-6.907	2.342	-0.11464
7663	0.8801	-6.001	2.273	-0.02457
1097	0.4145	-6.793	2.453	-0.10018
2988	0.8766	-5.449	2.794	0.6695
2973	0.3006	-6.645	2.388	-0.19586
138	0.04415	-6.866	2.341	-0.50169
7078	0.7091	-6.692	2.312	-0.34872
6689	0.4379	-6.376	2.689	-0.7167
8077	0.2519	-7.031	2.188	0.22115
3894	0.2122	-6.523	2.61	0.17114
3374	0.3216	-6.211	2.713	0.3587
6535	1.075	-5.005	2.826	0.22115
6238	0.3021	-6.806	2.323	0.35025
6866	0.2676	-6.919	2.21	-0.41567
7734	0.08778	-6.778	2.248	-0.04866
6573	0.3784	-6.72	2.45	-0.5391
6452	0.03981	-7.147	2.258	-0.26761
6120	0.4101	-6.263	2.804	-0.19382
1851	0.6703	-5.927	2.905	0.06145
1211	0.3189	-6.682	2.3	-0.11748
6447	0.1581	-7.108	2.244	0.0103
3294	0.313	-5.315	3.027	0.37822
5491	0.3141	-7.161	2.104	-0.84164
2357	0.3768	-6.458	2.379	-0.37263
6153	0.2038	-6.563	2.485	0.1284
7440	0.772	-6.237	2.71	-0.23958
3868	0.243	-6.826	2.565	-0.89279
5439	1.123	-5.571	2.718	0.65744
218	-0.00966	-6.285	2.604	0.0693
2846	0.2531	-6.89	2.467	-1.19382
6679	0.9357	-5.582	2.812	0.1486
6638	0.344	-5.408	3.012	0.48742
4955	0.7587	-6.236	2.538	-0.33348
7827	0.07518	-6.584	2.669	0.35545
3642	0.8345	-6.119	2.512	-0.15243
7952	0.1332	-6.909	2.243	-0.23732
3919	0.08314	-7.274	2.315	-0.87943
7912	0.4923	-5.958	2.589	0.26858
7830	0.077	-6.867	2.298	-0.04769
5453	0.0013	-6.649	2.509	-0.00656
3728	0.2111	-6.957	2.336	-0.27084
6401	-0.06208	-6.256	2.637	0.53046
7329	0.6246	-4.885	3.084	0.49638
1308	0.514	-7.025	2.216	-0.66756
5469	0.5054	-6.156	2.544	0.17725
7240	1.114	-4.957	2.908	0.48742
6693	0.3833	-6.534	2.528	-0.54821
6645	0.4234	-6.79	2.666	-1.4437
2536	0.05805	-6.615	2.848	-0.89279
4744	0.361	-6.842	2.514	-0.89279
1404	-0.1451	-6.798	2.427	0.1486
6361	0.3398	-6.643	2.737	-0.04528
1747	0.298	-6.22	2.776	0.46776
6916	0.8728	-6.18	2.586	-0.01773
2977	0.4219	-6.281	2.644	-0.23958
6096	0.4926	-6.14	2.604	0.63225
2933	1.032	-5.428	2.922	-0.49485
8072	0.2765	-6.533	2.622	-0.45223
1102	0.4809	-6.515	2.578	-0.72816
5079	0.1602	-6.428	2.669	0.07335
7060	0.5668	-6.665	2.552	-0.83565
6606	0.8552	-5.928	2.61	-0.15243
6275	0.3224	-6.249	2.731	0.29754
2879	0.1682	-7.288	2.251	-0.75449
2220	0.3479	-6.451	2.654	-0.02182
3349	0.5085	-6.548	2.441	-0.41567
3114	-0.1124	-6.949	2.29	-0.04769
1968	0.08063	-6.582	2.627	-0.15243
6372	0.2847	-6.702	2.422	-0.11464
7547	0.7457	-6.092	2.688	0.00475
5461	0.2235	-6.307	2.557	0.1486
7710	0.2271	-6.396	2.603	0.00689
6166	0.3867	-7.099	2.318	-0.7167
6182	0.5105	-5.995	2.873	0.59151
7943	0.5201	-5.602	2.855	0.53857
3379	0.3343	-6.39	2.494	-0.2161
2801	0.05918	-7.434	2.305	-0.59176
1760	0.7225	-5.924	2.599	-0.23958
2040	0.07591	-6.046	2.8	0.0461
836	-0.03386	-7.066	2.502	-0.49485
6697	0.3222	-6.151	2.574	0.08493
7980	0.3827	-6.667	2.43	-0.61979
7706	0.6661	-6.151	2.823	-0.92812
7508	0.5412	-6.9	2.475	-0.41567
2873	0.1265	-7.372	2.347	-1.07572
3297	0.6487	-6.091	2.746	-0.56543
8018	0.7797	-6.58	2.627	-0.89279
2265	0.1319	-6.816	2.345	-0.34104
6230	0.6845	-6.389	2.658	0.10721
2395	0.2206	-7.205	2.409	-0.89279
2964	0.1477	-7.226	2.254	-0.69897
8027	0.224	-5.252	3.136	0.18639
7453	0.257	-7.108	2.437	-0.32239
229	0.03543	-6.866	2.512	-0.34872
6145	0.4723	-6.38	2.491	-0.33724
8079	0.2185	-5.793	3.014	0.35946
7133	0.6113	-5.868	2.583	0.03302
2201	0.2772	-6.506	2.686	-0.42022
8097	-0.1663	-5.832	3.129	8.68E-04
1635	0.2778	-6.77	2.445	-0.29073
6540	0.3938	-7.05	2.542	-1.49485
3215	1.125	-5.861	2.673	-0.19382
3477	-0.02045	-6.335	2.711	0.16465
6412	0.1235	-6.658	2.67	0.47828
3359	0.4789	-6.247	2.605	-0.46344
6341	0.4846	-5.5	2.933	0.2833
6427	0.356	-6.13	2.89	0.46894
6117	0.2333	-6.089	2.747	-0.14813
2372	0.09934	-6.986	2.591	-0.59176
2583	0.9859	-5.743	2.86	-0.59176
1659	0.03623	-6.393	2.808	-0.11464
7496	-0.07764	-6.532	2.588	0.34183
8120	0.3251	-5.585	2.936	0.1486
575	0.5691	-6.372	2.468	-0.38405
4327	1.026	-6.406	2.512	-0.89279
6547	0.1408	-6.878	2.768	-1.01323
1112	0.1867	-5.814	2.976	-0.35458
7455	0.3017	-6.837	2.356	0.32634
555	0.2103	-6.2	2.908	0.61909
2126	0.5719	-6.409	2.554	-0.39686
7472	0.471	-5.424	3.011	0.29181
2145	-0.00656	-6.722	2.69	-0.11464
2814	0.406	-6.697	2.745	-1.19382
297	0.4741	-5.97	2.843	-0.01773
1359	0.3021	-6.183	2.979	-0.58838
207	0.4527	-6.393	2.968	-1.07058
7366	0.8869	-5.949	2.891	-1.00436
7102	0.4019	-6.422	2.657	-0.39903
3278	-0.1244	-5.824	3.116	0.1486
3510	0.2543	-6.996	2.428	-0.57512
2614	1.021	-5.543	2.93	-0.52871
5529	0.6263	-6.201	2.563	0.00647
2103	0.1793	-6.265	2.795	0.0103
2693	0.08099	-7.029	2.419	-0.72584
2353	0.1389	-6.39	2.563	0.00346
2615	0.3113	-6.756	2.838	-1.55284
6301	0.1798	-5.889	2.825	-0.01773
7979	-0.07207	-5.806	3.109	0.42619
3282	0.4857	-6.807	2.623	-1.10791
8089	0.6528	-6.191	2.884	-0.91009
6591	0.2799	-6.22	2.634	-0.11182
6462	0.399	-6.275	2.917	-0.59176
3737	0.6775	-6.019	2.853	-0.49485
2163	0.05423	-6.355	2.777	-0.40782
7375	0.8062	-6.168	2.613	-0.50724
6385	0.3731	-6.641	2.457	-0.04769
2828	0.04532	-6.445	2.75	-0.23582
5607	0.7672	-5.554	2.818	0.03663
6486	0.8564	-6.374	2.57	-1.12494
5740	0.1584	-6.231	2.909	0.05918
6284	0.1004	-7.081	2.459	-0.68194
1453	1.075	-5.926	2.661	-0.7167
3335	-0.1244	-6.165	2.943	0.0983
551	0.7461	-5.994	2.769	-0.60206
1741	0.514	-6.522	2.733	-0.23807
3173	1.173	-5.531	2.953	-0.68194
1461	0.2227	-6.422	3.099	-0.3363
2049	0.4527	-6.432	2.846	-0.89279
6237	0.2967	-6.774	2.374	-0.19382
5592	0.2819	-6.948	2.385	-0.32331
5619	0.5429	-6.61	2.581	-0.77728
3545	0.1858	-5.794	2.964	0.15806
2995	0.6113	-6.278	2.741	-0.15243
4776	0.7435	-5.754	2.853	-0.34872
3606	0.5966	-5.626	2.752	0.26102
2523	0.1923	-6.013	2.843	-0.16749
1637	-0.1397	-6.445	2.762	0.67541
6205	0.3625	-6.356	2.893	0.33766
7305	1.171	-5.387	2.89	0.49122
6265	0.6922	-6.107	2.833	-0.70115
2788	0.2683	-6.131	2.727	-0.05948
254	0.1889	-5.892	3.09	-0.41567
1588	0.4678	-6.086	2.939	-0.41567
5500	0.8395	-6.415	2.624	-0.86646
2800	-0.00922	-6.359	2.885	-0.34872
2167	0.6886	-6.172	2.877	-0.89279
7378	0.7208	-5.137	3.122	0.09587
7427	0.9328	-6.186	2.711	-0.39903
2330	0.9049	-5.745	2.856	-0.09474
4871	0.5511	-6.812	2.544	-0.41567
3441	0.3132	-6.911	2.474	-0.61979
1553	1.137	-4.962	2.94	-0.01773
6671	0.8271	-6.043	2.793	-0.59176
480	0.8212	-5.938	3.051	-1.17393
2701	-0.00261	-6.771	2.615	-0.19654
7793	0.6017	-5.243	3.053	0.03862
6354	0.4651	-6.367	3.195	-0.5784
6715	0.5701	-5.998	2.755	-0.34486
547	0.4678	-6.259	2.675	-0.29073
1694	0.3835	-6.194	2.871	-0.41117
3791	0.5338	-5.78	3.078	-0.47366
6368	0.86	-5.628	3.001	-0.04769
3342	0.155	-6.421	3.157	-0.93554
830	0.7037	-6.185	2.864	-0.88273
7554	-0.00811	-6.848	2.574	-0.21896
2273	1.269	-5.547	2.853	-0.64975
2283	-0.00305	-5.676	3.527	0.35025
5499	0.1928	-6.088	2.869	-0.20482
5724	0.3332	-5.988	2.853	0.10721
7626	0.7158	-6.18	2.8	-0.41567
5528	0.3553	-5.893	2.95	-0.06803
7227	0.3432	-6.733	2.6	-1.03621
7988	0.7079	-6.009	2.868	-0.38405
8041	0.2445	-6.979	2.685	-1.10237
2125	1.188	-5.341	3.005	-0.6517
7009	1.137	-5.429	3.17	-0.7167
3867	0.5124	-5.81	2.88	-0.02733
6178	-0.09545	-6.11	3.045	-0.01773
2975	0.3872	-6.244	3.048	-0.61979
7287	0.8005	-6.173	2.89	0.20575
906	0.4465	-6.235	2.664	-0.40012
2288	-0.04479	-6.848	2.658	-0.34872
6643	0.4565	-6.754	2.508	-0.29073
4660	0.7117	-5.359	2.948	0.06744
7292	0.5569	-6.597	2.5	-0.5817
1634	0.3738	-5.402	3.124	0.1486
1566	0.237	-6.542	3.047	-1.13077
6281	-0.1012	-6.073	3.219	0.48742
6710	-0.08486	-6.683	2.543	0.03663
7581	-0.018	-5.863	3.055	0.37051
3751	0.3955	-6.215	2.734	-0.27165
5537	-0.00612	-6.501	2.828	-0.34872
5599	0.628	-5.751	2.898	-0.2233
7106	0.223	-5.896	3.108	-0.2815
7599	0.4011	-5.79	2.993	0.80182
3889	0.5439	-6.661	2.838	-1.22185
2159	-0.0846	-7.798	2.111	-1.29243
5498	-0.01728	-6.801	2.735	-0.11407
5471	0.4732	-4.927	3.381	0.24502
2449	0.09726	-6.503	3.031	-0.68194
7995	0.3964	-6.162	2.995	-0.2161
7148	-0.05864	-6.165	3.025	0.07078
2918	0.5362	-6.213	2.816	-0.34872
8047	0.4535	-5.942	2.86	-0.04964
2155	0.2824	-6.039	2.914	-0.14997
2597	0.2109	-6.971	2.576	-0.59176
3113	0.5911	-5.387	3.015	-0.01055
3121	0.07482	-6.05	2.967	-0.10127
2487	0.3373	-6.229	2.916	-0.47366
3770	0.7124	-5.981	2.797	-0.2644
6292	0.3153	-5.74	3.08	0.89609
3902	0.9168	-5.896	2.91	-0.7167
6931	0.7912	-5.798	2.948	-0.61979
5488	0.03623	-7.166	2.562	-0.7167
7297	0.01536	-6.091	2.945	0.05729
7601	0.3276	-6.586	2.64	-0.55909
6386	0.3012	-5.909	2.926	-0.07988
2003	0.2133	-6.617	2.736	-0.28233
2834	0.9444	-5.524	2.939	-0.16749
2206	0.2808	-6.501	2.713	-0.2204
5212	0.3804	-6.134	2.91	-0.41567
2952	0.6408	-5.61	3.018	-0.16749
3037	0.3512	-6.896	2.724	-1.31876
2161	0.2847	-6.697	2.889	-0.75203
6787	0.4652	-6.2	2.874	-0.11464
2312	0.2555	-6.241	2.945	-0.56543
2755	0.2019	-7.222	2.437	-0.84164
1076	0.7913	-5.952	3.011	-0.79317
7584	0.2833	-6.943	2.778	-0.37675
5339	0.8908	-5.037	3.081	-0.07988
3118	0.1682	-6.568	2.811	-0.63451
7526	-0.1645	-6.1	3.13	0.29513
6123	1.108	-5.437	3.082	-0.73049
3502	0.3822	-6.156	2.817	-0.38091
3066	0.3084	-6.491	2.867	-0.75449
7344	0.4307	-5.813	3.168	-0.4389
3073	0.2584	-7.01	2.639	-1.25181
2205	-0.02826	-5.902	3.33	0.06145
7283	0.223	-6.183	2.817	-0.1152
5576	-0.00218	-6.727	2.888	-0.7167
8104	0.9103	-5.972	2.758	-0.41567
5547	0.2938	-5.683	3.063	-0.04769
6788	1.324	-5.306	3.09	-1.03621
1719	0.4951	-5.725	3.022	0.01995
2377	0.6002	-5.592	3.03	-0.30452
491	-0.2132	-5.927	3.656	-1
6215	0.2945	-5.879	3.192	-0.19382
7063	1.141	-5.85	3.021	-0.89279
3668	0.5198	-5.532	3.375	-0.75449
5564	0.8283	-5.759	3.155	-0.34872
8035	0.1898	-6.482	2.84	-0.11464
7456	0.6729	-5.146	3.389	0.69267
5277	0.9108	-5.526	2.939	-0.30452
7173	0.4053	-5.719	3.142	-0.01502
1680	8.68E-04	-7.023	2.891	-0.89279
1665	0.8149	-5.955	3.101	-0.7167
3266	0.4315	-6.57	2.731	-0.21467
5206	0.5397	-5.583	3.235	-0.51713
3078	0.3655	-5.778	3.311	-0.64975
7901	0.7083	-5.45	3.318	-0.29073
1088	1.076	-5.516	3.145	-0.7167
6307	0.2755	-5.767	2.982	0.29754
2502	0.2938	-6.187	2.988	-0.29073
7999	-0.1416	-6.965	2.544	-0.27819
2690	0.3324	-6.507	2.943	-0.69897
7290	0.5411	-5.178	3.236	0.79844
432	0.6969	-6.149	3.102	-1.46852
568	0.4228	-6.057	3.167	-0.92445
2326	0.1377	-6.314	3.205	-1.05552
2146	0.2258	-6.431	2.979	-0.60555
2332	0.1059	-7.03	2.794	-1.284
7142	0.7643	-5.574	2.808	-0.01368
3735	0.6843	-5.38	3.119	0.11428
729	0.2084	-6.241	3.293	-0.73755
3487	0.07225	-6.425	2.993	-0.19246
6398	-0.22	-6.191	3.214	0.29863
3038	0.1755	-6.1	3.011	-0.33348
508	-0.1379	-6.292	3.08	-0.04769
2358	-0.09259	-6.98	2.657	0.10721
1435	-0.466	-6.686	2.846	0.08493
7359	-0.04125	-6.311	3.353	-0.34872
6347	0.1139	-6.749	2.687	-0.34872
7789	0.7074	-5.64	3.187	-0.78516
5527	0.7023	-5.171	3.162	-0.08619
1154	0.2876	-5.92	3.28	-0.71444
2679	1.138	-4.795	3.453	-0.59176
7353	0.9282	-5.036	3.432	-0.6038
5560	8.68E-04	-6.627	2.868	-0.3098
6543	0.4473	-6.84	2.746	0.22115
3323	0.1989	-6.275	2.937	-0.34872
3904	0.06856	-7.056	2.796	-1.4437
512	0.5226	-6.369	3.056	-0.73755
5562	0.4093	-6.435	2.918	-0.79588
3286	-0.04383	-5.854	3.655	0.37438
6700	0.5226	-6.082	3.176	-0.7167
5650	0.00518	-6.034	3.068	0.04139
6338	0.2017	-6.263	3.141	-0.11464
3810	0.3528	-6.619	2.886	-1.11919
3476	-0.1302	-6.251	3.197	0.38596
5647	0.8132	-5.653	3.262	0.03663
3094	0.1667	-5.974	3.151	-0.36452
5533	0.7095	-5.285	3.164	-0.11464
3218	0.3322	-6.394	3.195	-1.01773
4807	0.1265	-6.528	3.271	-0.7167
3665	0.9748	-5.828	3.095	-1.11919
7294	0.5131	-5.924	3.196	-0.81248
677	0.7931	-5.792	3.36	-1.25964
373	0.03703	-6.559	2.796	0.18639
734	0.00346	-6.054	3.172	0.25334
2715	1.02	-4.848	3.476	-0.41567
2117	0.2125	-6.239	3.066	-0.19382
2217	0.5518	-5.335	3.317	-0.1831
3921	0.547	-5.871	3.037	-0.33348
3027	0.356	-6.043	3.379	-0.92082
474	1.027	-5.278	3.389	-0.81816
8076	0.4344	-6.395	3.051	-0.66154
289	0.206	-7.014	2.858	-1.17393
2448	-0.07314	-6.116	3.068	-0.11464
2795	0.3713	-6.093	3.143	-0.63451
878	0.1443	-6.306	3.108	-0.41567
3137	0.02653	-6.52	3.187	-1.19382
2599	0.2739	-6.08	3.39	-0.75449
3742	-0.02687	-6.09	3.319	-0.34872
3384	0.1937	-7.601	2.44	-1.25181
2910	0.1232	-6.009	3.446	-0.49485
5448	0.1129	-5.972	3.262	-0.04769
3016	-0.3288	-5.832	3.767	1.01284
3437	-0.02091	-6.854	3.152	-0.46344
3051	0.05729	-6.407	3.589	-0.86646
7159	0.08493	-6.19	3.277	1.11594
6342	0.3334	-6.835	2.594	1.06856
1546	0.4286	-5.552	3.219	1.33506
7671	0.4895	-7.087	2.195	0.70381
7514	0.4146	-7.112	2.178	0.80182
6824	0.6411	-5.289	3.029	1.00775
6870	0.08458	-6.407	2.453	1.15836
6411	0.1358	-6.866	2.218	0.8105
5730	0.3564	-6.172	2.401	0.88897
6436	1.24	-5.604	2.6	0.79295
6904	1.737	-4.29	3.217	0.45889
7559	0.3002	-6.655	1.934	0.47276
8082	0.5446	-5.79	2.657	1.00475
